0 16
0 12
0 11
0 31
0 26
0 51
0 56
0 59
0 20
0 8
0 41
16 21
16 29
16 35
16 32
12 0
12 5
12 18
25 1
25 28
10 4
10 30
10 49
10 22
10 15
45 13
45 60
45 14
45 15
27 50
46 9
7 0
7 27
7 11
7 30
7 19
47 1
47 9
47 14
6 0
6 10
6 9
6 39
6 40
5 21
5 28
61 5
61 4
48 45
48 6
48 20
48 17
11 15
1 16
1 24
1 53
31 0
31 7
31 24
31 36
62 10
62 8
64 3
13 17
13 37
67 27
67 46
67 2
50 2
69 23
71 1
26 0
26 11
26 1
26 33
26 38
51 13
51 52
51 2
51 42
24 0
24 14
24 34
52 23
73 8
44 13
22 0
55 55
57 1
76 19
76 29
77 18
82 0
2 12
2 25
2 48
2 3
8 12
8 7
8 4
88 26
9 25
53 6
53 54
18 1
18 44
37 0
37 2
91 16
15 0
15 10
93 3
39 5
39 22
39 57
94 7
94 3
94 58
23 6
23 4
43 0
105 0
105 5
109 47
112 7
115 31
115 43
32 6
