0 104
0 18
0 53
0 11
0 102
0 97
0 96
0 118
0 110
0 22
0 65
0 62
0 66
0 78
0 79
0 84
14 19
14 8
14 9
14 33
14 98
14 24
14 68
2 19
2 49
2 25
2 1
2 15
120 1
120 111
120 70
21 33
21 28
19 113
19 10
19 103
19 16
52 17
52 69
52 12
52 94
52 44
52 7
50 6
50 59
17 73
17 100
17 10
17 38
17 77
23 30
47 0
47 60
47 83
74 11
74 40
121 32
121 108
122 63
8 14
8 50
8 6
8 89
8 34
8 61
8 15
8 80
9 22
3 23
3 12
3 34
54 2
54 1
57 5
57 88
57 114
57 42
125 1
48 43
48 20
56 21
56 1
56 7
27 55
69 11
13 86
13 41
13 20
6 0
6 27
6 37
6 28
71 11
71 40
71 81
51 8
46 56
46 16
46 20
129 3
129 93
130 9
130 4
12 47
12 3
12 49
12 30
12 35
12 24
107 0
115 8
87 7
89 21
91 23
49 112
49 16
86 23
86 106
53 67
11 101
11 15
25 76
137 39
139 55
1 13
1 107
1 64
55 52
55 37
10 46
10 42
10 28
10 7
29 26
26 17
26 18
26 72
101 3
30 25
141 9
141 57
141 46
141 29
141 4
141 58
141 45
98 9
97 53
34 8
34 6
34 36
5 0
5 51
145 47
36 14
36 24
118 2
118 54
118 105
117 14
117 17
117 8
117 3
117 91
149 5
116 13
150 3
150 7
151 27
38 4
114 2
114 90
114 39
153 0
153 50
153 22
111 48
111 5
163 0
163 2
4 2
4 52
4 57
4 1
4 5
4 92
4 36
4 44
4 16
106 56
106 5
106 116
22 32
39 75
105 14
105 87
105 29
105 85
24 35
42 54
170 1
170 38
28 117
68 41
58 115
65 48
176 31
177 6
177 12
63 0
179 25
61 43
180 71
181 0
43 9
43 29
60 31
59 13
184 95
44 0
44 1
188 26
188 119
189 4
45 0
195 0
70 15
198 2
199 0
199 45
202 4
66 10
7 109
15 21
41 4
209 74
209 3
78 6
78 12
16 0
16 99
210 82
213 51
218 10
222 0
224 0
229 19
230 13
230 26
84 2
84 17
236 3
237 0
237 2
237 18
241 27
