0 5
0 13
0 8
0 24
0 15
0 22
0 21
0 12
0 7
0 19
0 35
0 32
5 0
5 2
5 9
5 6
5 17
3 8
3 24
3 42
3 6
3 7
3 16
34 25
1 1
1 2
1 22
1 6
1 18
1 37
1 33
1 31
1 28
10 2
10 9
10 19
10 11
26 25
26 7
13 0
13 40
13 6
2 5
2 1
2 10
2 23
2 12
2 18
2 11
2 29
8 0
8 3
8 4
8 41
27 7
14 43
14 12
14 16
9 5
9 10
9 20
9 36
24 0
24 3
15 0
15 39
15 11
4 8
4 21
4 6
4 7
4 20
4 11
39 15
40 13
23 2
23 30
41 8
43 14
25 34
25 26
22 0
22 1
21 0
21 4
12 0
12 2
12 14
12 16
42 3
6 5
6 3
6 1
6 13
6 4
7 0
7 3
7 26
7 27
7 4
20 9
20 4
16 3
16 14
16 12
38 17
18 1
18 2
37 1
17 5
17 38
36 9
19 0
19 10
35 0
11 10
11 2
11 15
11 4
33 1
32 0
31 1
30 23
29 2
28 1
