0 5
0 15
0 1
0 2
0 17
0 13
0 8
0 12
0 11
0 29
0 73
0 76
0 77
0 42
0 7
0 28
0 18
0 55
0 34
0 37
5 0
5 3
5 45
5 67
5 38
5 62
5 35
15 0
15 9
15 4
15 7
15 24
26 3
26 4
26 25
26 40
6 2
6 20
6 47
6 51
6 57
6 29
6 18
16 14
16 10
16 78
16 27
16 18
31 1
31 33
31 50
43 33
43 25
1 0
1 31
1 17
1 13
1 51
1 7
1 36
1 32
1 60
21 3
21 25
21 27
21 59
2 0
2 6
2 14
2 25
2 30
2 22
2 53
2 23
2 35
9 15
9 44
9 45
9 22
9 37
9 40
44 9
44 20
14 16
14 2
14 42
14 4
14 39
20 6
20 44
20 7
20 23
17 0
17 1
17 8
17 18
3 5
3 26
3 21
3 65
3 8
3 11
3 48
3 30
3 24
13 0
13 1
13 11
13 69
13 41
47 6
47 7
61 19
51 6
51 1
10 16
10 12
10 52
10 39
10 28
33 31
33 43
33 4
57 6
50 31
50 4
64 23
65 3
8 0
8 17
8 3
8 75
8 70
8 58
12 0
12 10
12 49
12 4
12 56
11 0
11 3
11 13
11 27
11 63
19 61
19 4
19 54
19 32
49 12
49 23
68 7
52 10
52 24
29 0
29 6
29 22
71 30
72 72
73 0
48 3
48 22
74 32
46 36
46 38
76 0
45 5
45 9
66 24
78 16
77 0
42 0
42 14
4 15
4 26
4 14
4 33
4 50
4 12
4 19
4 28
7 0
7 15
7 1
7 20
7 47
7 68
75 8
39 14
39 10
25 26
25 43
25 21
25 2
30 2
30 3
30 71
36 1
36 46
24 15
24 3
24 52
24 66
70 8
69 13
27 16
27 21
27 11
28 0
28 10
28 4
67 5
18 0
18 6
18 16
18 17
54 19
22 2
22 9
22 29
22 48
32 1
32 19
32 74
53 2
55 0
56 12
23 2
23 20
23 64
23 49
34 0
34 41
58 8
37 0
37 9
59 21
60 1
38 5
38 46
62 5
40 26
40 9
63 11
41 13
41 34
35 5
35 2
