0 27
0 138
0 8
0 60
0 67
0 66
0 18
0 134
0 89
0 131
0 13
0 29
0 52
0 154
0 69
0 43
0 84
0 73
0 146
0 144
0 38
0 49
0 104
0 98
0 78
0 50
0 114
0 17
0 121
0 123
0 57
0 63
5 15
5 4
5 16
5 87
5 88
5 32
5 19
5 26
5 46
5 81
2 15
2 31
2 34
2 30
2 3
2 29
2 36
2 69
2 1
2 103
2 28
2 57
2 63
64 3
64 53
64 95
24 23
24 85
24 87
24 44
24 28
15 5
15 2
15 137
15 10
15 155
15 17
15 122
11 6
11 79
11 7
11 37
11 130
11 1
11 38
11 22
35 4
35 8
35 52
35 91
6 11
6 141
6 135
6 10
6 20
6 19
6 51
6 112
6 57
41 9
41 101
41 65
41 61
27 0
27 7
27 127
27 93
27 113
59 18
59 77
59 71
82 74
82 152
141 6
140 73
4 5
4 35
4 8
4 58
4 72
4 85
4 33
4 19
4 97
4 28
4 116
16 5
16 75
16 12
16 88
16 43
16 47
9 41
9 76
9 7
9 86
9 33
9 19
9 100
9 71
9 109
31 2
31 3
31 29
31 56
21 12
21 13
21 125
21 36
21 1
21 56
139 3
40 53
40 84
40 47
40 62
23 24
23 25
23 3
23 42
23 22
48 8
48 37
48 156
48 108
79 11
79 18
14 65
14 3
14 99
14 91
14 54
14 62
14 94
138 0
8 0
8 35
8 4
8 48
8 33
8 96
8 44
8 70
8 50
45 18
45 77
45 145
45 117
60 0
60 20
60 63
58 4
58 13
58 119
25 23
25 10
25 12
25 17
25 62
76 9
76 129
75 16
75 1
7 11
7 27
7 9
7 34
7 61
7 92
7 46
7 70
7 50
67 0
67 3
137 15
72 4
72 83
102 26
102 22
85 24
85 4
101 41
101 19
34 2
34 7
34 142
34 17
65 41
65 14
65 42
66 0
66 89
66 150
18 0
18 59
18 79
18 45
18 86
18 28
136 17
135 6
30 2
30 61
30 147
30 111
134 0
124 55
132 37
3 2
3 64
3 31
3 139
3 23
3 14
3 67
3 1
3 80
3 149
3 38
37 11
37 48
37 132
37 96
10 15
10 6
10 25
10 56
10 44
10 78
10 22
10 120
39 20
39 12
39 26
39 47
20 6
20 60
20 39
20 90
20 105
20 94
86 9
86 18
61 41
61 7
61 30
74 82
74 43
12 16
12 21
12 25
12 39
12 1
12 83
12 49
87 5
87 24
88 5
88 16
89 0
89 66
131 0
33 4
33 9
33 8
33 32
13 0
13 21
13 58
13 157
13 53
13 1
13 42
130 11
129 76
128 1
92 7
92 46
127 27
126 36
32 5
32 33
32 1
32 46
125 21
96 8
96 37
133 143
158 90
29 0
29 2
29 31
29 26
19 5
19 6
19 4
19 9
19 101
19 44
157 13
99 14
99 42
100 9
100 22
156 48
51 6
51 1
51 80
36 2
36 21
36 126
36 55
52 0
52 35
52 43
68 148
68 93
155 15
53 64
53 40
53 13
154 0
153 22
69 0
69 2
152 82
1 2
1 11
1 21
1 75
1 3
1 12
1 13
1 128
1 32
1 51
1 38
1 151
1 106
1 54
1 17
42 23
42 65
42 13
42 99
43 0
43 16
43 74
43 52
55 124
55 36
55 110
26 5
26 102
26 39
26 29
26 107
77 59
77 45
46 5
46 7
46 92
46 32
142 34
56 31
56 21
56 10
80 3
80 51
44 24
44 8
44 10
44 19
81 5
81 54
150 66
83 72
83 12
84 0
84 40
149 3
148 68
70 8
70 7
73 0
73 140
147 30
146 0
97 4
97 47
145 45
144 0
47 16
47 40
47 39
47 97
93 27
93 68
91 35
91 14
143 133
38 0
38 11
38 3
38 1
90 20
90 158
151 1
49 0
49 12
49 98
104 0
95 64
95 28
103 2
98 0
98 49
106 1
78 0
78 10
105 20
22 11
22 23
22 102
22 10
22 100
22 153
28 2
28 24
28 4
28 18
28 95
54 14
54 1
54 81
110 55
71 59
71 9
111 30
112 6
50 0
50 8
50 7
114 0
17 0
17 15
17 25
17 34
17 136
17 1
116 4
117 45
118 115
119 58
120 10
121 0
123 0
62 40
62 14
62 25
122 15
94 14
94 20
115 118
113 27
57 0
57 2
57 6
109 9
63 0
63 2
63 60
108 48
107 26
